READ: 0.42278289794921875
READ: 0.4163525104522705
COUNT: 3.8824784755706787
COUNT: 3.001462936401367
DISTINCT COUNT: 26.66765284538269
DISTINCT COUNT: 22.041142225265503
