READ: 1.040097713470459
READ: 1.0459716320037842
COUNT: 1.6167380809783936
COUNT: 1.2003228664398193
DISTINCT COUNT: 3.0884382724761963
DISTINCT COUNT: 2.6178886890411377
